ProbeName	Harvest	Module	Phase	22.3	0.5	2.3	4.1	5.9	7.7	9.5	11.3	13.4	15.6	17.9	20.1
GS1_SS_00332_04492,C2,l1_cornflowerblue_02,11,1,pico 0,8,1.6816,10,8,15,000011111111,1,vale 0,4,-1.4179,6,4,7,
GS1_SS_10411_21615,C2,l1_coral4_01,15,1,pico 0,8,1.1316,13,10,5,110000111111,1,vale 0,4,-2.1232,8,6,9,
GS1_SS_10761_09406,C2,l1_coral4_02,5,1,pico 0,5,1.7379,6,6,10,001111100000,2,vale 0,2,-1.1311,5,4,5,vale 1,5,-1.3956,12,11,15,
GS1_SS_11077_07624,C2,l1_blue1_01,9,1,pico 0,8,1.3991,8,7,14,000111111110,2,vale 0,3,-1.0992,4,4,6,vale 1,1,-0.897,15,15,15,
GS1_SS_12268_15969,C2,l1_darkviolet_01,3,1,pico 0,6,1.8115,7,4,9,111111000000,1,vale 0,6,-1.3773,11,10,15,
GS1_SS_15235_13077,C2,l1_lavender_02,13,1,pico 0,8,1.0669,12,9,4,100001111111,1,vale 0,4,-2.0572,7,5,8,
GS1_SS_18258_13594,C2,l1_cornflowerblue_02,11,1,pico 0,6,1.7633,9,7,12,000111111001,2,vale 0,3,-1.0048,6,4,6,vale 1,2,-0.3844,14,13,14,
GS1_SS_22459_13615,C2,l1_antiquewhite4_01,15,1,pico 0,9,1.4367,13,11,7,111100011111,1,vale 0,3,-2.0519,9,8,10,
GS1_SS_24212_11264,C2,l1_lavender_02,13,1,pico 0,10,1.207,11,9,6,111001111111,1,vale 0,2,-2.578,7,7,8,
GS1_SS_25156_12797,C2,l1_coral4_02,5,1,pico 0,6,2.0955,7,4,9,111111000000,1,vale 0,6,-1.322,13,10,15,
