ProbeName	Harvest	Module	Phase	22.6	0.5	2.6	4.7	6.8	8.9	11.0	13.0	14.9	16.8	18.7	20.6
GS1_SS_00332_04492,C1,l1_antiquewhite_02,11,1,pico 0,3,1.896794553,8,8,10,000011100000,2,vale 0,4,-1.143656659,4,4,7,vale 1,5,-0.801809922,14,11,15,
GS1_SS_10411_21615,C1,l1_navajowhite3_02,11,1,pico 0,4,1.56659105,12,10,13,000000111101,1,vale 0,6,-1.669518506,7,4,9,
GS1_SS_10761_09406,C1,l1_navajowhite3_01,3,1,pico 0,5,1.285521737,8,4,8,111110000000,1,vale 0,7,-1.660078894,11,9,15,
GS1_SS_11077_07624,C1,l1_antiquewhite_02,11,1,pico 0,4,1.897699745,10,7,10,000111100000,2,vale 0,3,-1.116934544,4,4,6,vale 1,5,-1.263027489,15,11,15,
GS1_SS_12268_15969,C1,l1_antiquewhite_01,1,1,pico 0,3,1.763558456,6,4,6,111000000010,2,vale 0,7,-1.089316627,11,7,13,vale 1,1,-0.542620575,15,15,15,
GS1_SS_15235_13077,C1,l1_saddlebrown_02,13,1,pico 0,4,1.097845657,10,10,13,000000111101,1,vale 0,6,-1.803362245,6,4,9,
GS1_SS_18258_13594,C1,l1_navajowhite3_02,11,1,pico 0,3,1.72468026,10,8,10,000011100000,2,vale 0,4,-1.390637358,6,4,7,vale 1,5,-1.388996205,14,11,15,
GS1_SS_22459_13615,C1,l1_aliceblue_02,17,1,pico 0,5,1.294501126,11,11,15,000000011111,1,vale 0,7,-1.764447655,8,4,10,
GS1_SS_24212_11264,C1,l1_lightpink4_02,19,2,pico 0,2,0.99382497,11,11,12,pico 1,2,1.674946418,14,14,15,000000011011,1,vale 0,7,-1.640352059,7,4,10,
GS1_SS_25156_12797,C1,l1_saddlebrown_01,3,1,pico 0,2,2.984444942,6,6,7,001100000000,2,vale 0,2,-0.141011036,4,4,5,vale 1,8,-0.803239701,12,8,15,
